function [M_wheel,jM_wheel] = drivetrain(v)
%DRIVETRAIN Summary of this function goes here
%   Detailed explanation goes here

vBrake = [0 0.1 0.2 0.3 0.4 0.5 0.6 0.7 0.8 0.9 1 1.1 1.2 1.3 1.4 1.5 1.6 1.7 1.8 1.9 2 2.1 2.2 2.3 2.4 2.5 2.6 2.7 2.8 2.9 3 3.1 3.2 3.3 3.4 3.5 3.6 3.7 3.8 3.9 4 4.1 4.2 4.3 4.4 4.5 4.6 4.7 4.8 4.9 5 5.1 5.2 5.3 5.4 5.5 5.6 5.7 5.8 5.9 6 6.1 6.2 6.3 6.4 6.5 6.6 6.7 6.8 6.9 7 7.1 7.2 7.3 7.4 7.5 7.6 7.7 7.8 7.9 8 8.1 8.2 8.3 8.4 8.5 8.6 8.7 8.8 8.9 9 9.1 9.2 9.3 9.4 9.5 9.6 9.7 9.8 9.9 10 10.1 10.2 10.3 10.4 10.5 10.6 10.7 10.8 10.9 11 11.1 11.2 11.3 11.4 11.5 11.6 11.7 11.8 11.9 12 12.1 12.2 12.3 12.4 12.5 12.6 12.7 12.8 12.9 13 13.1 13.2 13.3 13.4 13.5 13.6 13.7 13.8 13.9 14 14.1 14.2 14.3 14.4 14.5 14.6 14.7 14.8 14.9 15 15.1 15.2 15.3 15.4 15.5 15.6 15.7 15.8 15.9 16 16.1 16.2 16.3 16.4 16.5 16.6 16.7 16.8 16.9 17 17.1 17.2 17.3 17.4 17.5 17.6 17.7 17.8 17.9 18 18.1 18.2 18.3 18.4 18.5 18.6 18.7 18.8 18.9 19 19.1 19.2 19.3 19.4 19.5 19.6 19.7 19.8 19.9 20 20.1 20.2 20.3 20.4 20.5 20.6 20.7 20.8 20.9 21 21.1 21.2 21.3 21.4 21.5 21.6 21.7 21.8 21.9 22 22.1 22.2 22.3 22.4 22.5 22.6 22.7 22.8 22.9 23 23.1 23.2 23.3 23.4 23.5 23.6 23.7 23.8 23.9 24 24.1 24.2 24.3 24.4 24.5 24.6 24.7 24.8 24.9 25 25.1 25.2 25.3 25.4 25.5 25.6 25.7 25.8 25.9 26 26.1 26.2 26.3 26.4 26.5 26.6 26.7 26.8 26.9 27 27.1 27.2 27.3 27.4 27.5 27.6 27.7 27.8 27.9 28 28.1 28.2 28.3 28.4 28.5 28.6 28.7 28.8 28.9 29 29.1 29.2 29.3 29.4 29.5 29.6 29.7 29.8 29.9 30 30.1 30.2 30.3 30.4 30.5 30.6 30.7 30.8 30.9 31 31.1 31.2 31.3 31.4 31.5 31.6 31.7 31.8 31.9 32 32.1 32.2 32.3 32.4 32.5 32.6 32.7 32.8 32.9 33 33.1 33.2 33.3 33.4 33.5 33.6 33.7 33.8 33.9 34 34.1 34.2 34.3 34.4 34.5 34.6 34.7 34.8 34.9 35 35.1 35.2 35.3 35.4 35.5 35.6 35.7 35.8 35.9 36 36.1 36.2 36.3 36.4 36.5 36.6 36.7 36.8 36.9 37 37.1 37.2 37.3 37.4 37.5 37.6 37.7 37.8 37.9 38 38.1 38.2 38.3 38.4 38.5 38.6 38.7 38.8 38.9 39 39.1 39.2 39.3 39.4 39.5 39.6 39.7 39.8 39.9 40 40.1 40.2 40.3 40.4 40.5 40.6 40.7 40.8 40.9 41 41.1 41.2 41.3 41.4 41.5 41.6 41.7 41.8 41.9 42 42.1 42.2 42.3 42.4 42.5 42.6 42.7 42.8 42.9 43 43.1 43.2 43.3 43.4 43.5 43.6 43.7 43.8 43.9 44 44.1 44.2 44.3 44.4 44.5 44.6 44.7 44.8 44.9 45 45.1 45.2 45.3 45.4 45.5 45.6 45.7 45.8 45.9 46 46.1 46.2 46.3 46.4 46.5 46.6 46.7 46.8 46.9 47 47.1 47.2 47.3 47.4 47.5 47.6 47.7 47.8 47.9 48 48.1 48.2];
M = [12284.294112 12284.2442628979 12283.9701915787 12283.3260911132 12282.1892708925 12280.4492889948 12278.0038937201 12274.7568865643 12270.616814132 12265.4960916326 12259.3103784034 12251.9781126845 12243.4201530284 12233.5594943733 12222.321038282 12209.6314036318 12195.4187682483 12180.5665646076 12164.2639652368 12146.2966726825 12126.5957870233 12105.0933099614 12081.7220887198 12056.4157659308 12029.8527426158 12002.0043740214 11972.0769185225 11940.0041038406 11905.7201658159 11869.159825885 11830.9668216511 11791.4124699355 11749.4257274524 11704.9400573125 11657.889233901 11608.2073320477 11557.5510968003 11504.32800664 11448.3004310297 11389.400243223 11327.5594955629 11264.2179462551 11198.2994941781 11129.2483752546 11056.9937730436 10981.4649534163 10904.2975804026 10824.0646335142 10740.3438353814 10653.0609764033 10562.2771107404 10469.7237301656 10373.3742904967 10273.150599749 10168.9743907079 10061.6270600976 9951.36638985174 9836.89245061401 9718.12240867942 9594.97328487927 9469.0797855972 9338.91274693829 9204.07605975059 9064.48158252474 8920.71197693295 8773.26402340619 8620.74012778863 8463.04643753475 8300.08881524747 8133.38190989518 7961.39004126278 7783.78007936567 7600.4515234474 7412.04051150729 7218.62650161101 7019.10660583606 6813.37334284801 6601.31880050627 6384.3294692331 6160.71523494035 5930.34929326964 5751.72100969249 5734.2530963292 5716.36480866227 5698.05127797412 5679.3076384794 5660.12902728831 5640.51058437091 5620.44745252215 5600.35572413793 5579.92753113954 5559.04029672718 5537.6889204407 5515.86830181993 5493.57334040473 5470.79893573493 5447.53998735039 5423.79139479095 5399.8068841212 5375.60820816454 5350.90322474821 5325.68656259742 5299.95284775099 5273.69670358662 5246.91275084569 5219.59560765757 5191.7398895635 5163.55387905504 5135.14649911848 5106.18134866428 5076.65274408168 5046.55499654311 5015.88241204682 4984.6292914589 4952.78993055454 4920.35862005858 4887.58302692959 4854.48050041371 4820.76405675161 4786.42765786716 4751.46525800366 4715.87080377872 4679.63823423838 4642.76148091026 4605.23446785601 4567.3972421034 4529.05991325251 4490.04732521337 4450.35304186633 4409.97061694795 4368.89359411446 4327.11550700431 4284.62987929989 4241.43022478837 4197.97059220819 4153.80026532177 4108.88759818415 4063.22571093757 4016.80771106562 3969.62669346267 3921.67574050229 3872.94792210494 3823.55762686688 3773.70025935154 3723.0345075435 3671.55301481646 3619.24840920162 3592.71613432555 3582.14945814516 3571.43540089127 3560.57291677907 3549.56095967273 3538.39848308769 3527.08444019275 3515.61778381233 3503.99746642859 3492.22244018348 3480.29165688092 3468.20406798878 3455.95862464097 3443.55427763939 3431.11678649714 3418.63080392335 3405.98191246193 3393.16900560135 3380.19097615102 3367.04671624499 3353.7351173457 3340.25507024759 3326.60546508066 3312.78519131412 3298.79313775981 3284.62819257577 3270.28924326963 3255.7998792196 3241.3445775602 3226.71058685393 3211.89673235701 3196.90183832402 3181.72472801271 3166.36422368876 3150.8191466305 3135.0883171336 3119.17055451561 3103.06467712064 3086.76950232377 3070.28384653561 3053.60652520672 3036.93061708055 3020.09160030489 3003.05542866609 2985.82084972702 2968.38660973149 2950.75145360979 2932.91412498414 2914.87336617415 2896.62791820214 2878.17652079854 2859.51791240709 2840.65083019013 2821.57401003373 2802.44176431154 2783.1545307121 2763.65126325014 2743.93062425758 2723.99127441795 2703.83187277242 2683.45107672586 2662.84754205277 2642.01992290321 2620.96687180861 2601.73237797487 2594.76288871141 2587.72567891334 2580.69813717964 2573.65987696883 2566.55253414207 2559.37575517147 2552.12918636541 2544.81247386926 2537.42526366604 2529.96720157704 2522.43793326258 2514.83710422255 2507.16435979716 2499.41934516753 2491.60170535633 2483.71108522844 2475.74712949157 2467.70948269687 2459.59778923954 2451.41169335949 2443.24658602059 2435.04323324577 2426.76383399617 2418.40801281462 2409.9753940032 2401.46560162407 2392.87825950042 2384.21299121722 2375.46942012218 2366.64716932651 2357.7458617058 2348.76511990083 2339.70456631843 2330.56382313226 2321.34251228363 2312.04025548233 2302.65667420739 2293.20407389347 2283.78497209994 2274.28261645313 2264.69660717509 2255.02654416918 2245.2720270211 2235.43265499989 2225.50802705893 2215.49774183692 2205.40139765888 2195.21859253713 2184.94892417222 2174.59198995395 2164.1473869623 2153.61471196835 2142.99356143529 2132.28353151929 2121.48421807047 2110.67219733764 2099.81395375588 2088.86416583001 2077.82240638208 2066.68824783696 2055.46126222346 2044.14102117535 2039.21221348598 2034.35743202794 2029.46543578545 2024.53607587236 2019.56920334858 2014.56466922024 2009.52232443985 2004.4420199065 1999.32360646603 1994.16693491117 1988.97185598174 1983.73822036482 1978.46587869488 1973.154681554 1967.86443279253 1962.56110890742 1957.21818411284 1951.83550078653 1946.41290122465 1940.95022764205 1935.44732217252 1929.90402686899 1924.32018370381 1918.69563456893 1913.03022127618 1907.32378555746 1901.57616906499 1895.78721337152 1889.9567599706 1884.08465027673 1878.17072562565 1872.21482727452 1866.21679640215 1860.17647410924 1854.09370141857 1847.96831927521 1841.86724657044 1835.7390563695 1829.5673619424 1823.35199537329 1817.09278863865 1810.7895736076 1804.44218204208 1798.05044559722 1791.61419582156 1785.13326415731 1778.60748194065 1772.03668040199 1765.4206906662 1758.75934375291 1752.05247057678 1745.29990194771 1738.50146857115 1731.65700104833 1724.76632987652 1717.82928544928 1710.84569805674 1703.82399873281 1696.8255585859 1689.77952818022 