function [M_wheel,jM_wheel] = drivetrain(v)
%DRIVETRAIN Summary of this function goes here
%   Detailed explanation goes here

vBrake = [0 0.1 0.2 0.3 0.4 0.5 0.6 0.7 0.8 0.9 1 1.1 1.2 1.3 1.4 1.5 1.6 1.7 1.8 1.9 2 2.1 2.2 2.3 2.4 2.5 2.6 2.7 2.8 2.9 3 3.1 3.2 3.3 3.4 3.5 3.6 3.7 3.8 3.9 4 4.1 4.2 4.3 4.4 4.5 4.6 4.7 4.8 4.9 5 5.1 5.2 5.3 5.4 5.5 5.6 5.7 5.8 5.9 6 6.1 6.2 6.3 6.4 6.5 6.6 6.7 6.8 6.9 7 7.1 7.2 7.3 7.4 7.5 7.6 7.7 7.8 7.9 8 8.1 8.2 8.3 8.4 8.5 8.6 8.7 8.8 8.9 9 9.1 9.2 9.3 9.4 9.5 9.6 9.7 9.8 9.9 10 10.1 10.2 10.3 10.4 10.5 10.6 10.7 10.8 10.9 11 11.1 11.2 11.3 11.4 11.5 11.6 11.7 11.8 11.9 12 12.1 12.2 12.3 12.4 12.5 12.6 12.7 12.8 12.9 13 13.1 13.2 13.3 13.4 13.5 13.6 13.7 13.8 13.9 14 14.1 14.2 14.3 14.4 14.5 14.6 14.7 14.8 14.9 15 15.1 15.2 15.3 15.4 15.5 15.6 15.7 15.8 15.9 16 16.1 16.2 16.3 16.4 16.5 16.6 16.7 16.8 16.9 17 17.1 17.2 17.3 17.4 17.5 17.6 17.7 17.8 17.9 18 18.1 18.2 18.3 18.4 18.5 18.6 18.7 18.8 18.9 19 19.1 19.2 19.3 19.4 19.5 19.6 19.7 19.8 19.9 20 20.1 20.2 20.3 20.4 20.5 20.6 20.7 20.8 20.9 21 21.1 21.2 21.3 21.4 21.5 21.6 21.7 21.8 21.9 22 22.1 22.2 22.3 22.4 22.5 22.6 22.7 22.8 22.9 23 23.1 23.2 23.3 23.4 23.5 23.6 23.7 23.8 23.9 24 24.1 24.2 24.3 24.4 24.5 24.6 24.7 24.8 24.9 25 25.1 25.2 25.3 25.4 25.5 25.6 25.7 25.8 25.9 26 26.1 26.2 26.3 26.4 26.5 26.6 26.7 26.8 26.9 27 27.1 27.2 27.3 27.4 27.5 27.6 27.7 27.8 27.9 28 28.1 28.2 28.3 28.4 28.5 28.6 28.7 28.8 28.9 29 29.1 29.2 29.3 29.4 29.5 29.6 29.7 29.8 29.9 30 30.1 30.2 30.3 30.4 30.5 30.6 30.7 30.8 30.9 31 31.1 31.2 31.3 31.4 31.5 31.6 31.7 31.8 31.9 32 32.1 32.2 32.3 32.4 32.5 32.6 32.7 32.8 32.9 33 33.1 33.2 33.3 33.4 33.5 33.6 33.7 33.8 33.9 34 34.1 34.2 34.3 34.4 34.5 34.6 34.7 34.8 34.9 35 35.1 35.2 35.3 35.4 35.5 35.6 35.7 35.8 35.9 36 36.1 36.2 36.3 36.4 36.5 36.6 36.7 36.8 36.9 37 37.1 37.2 37.3 37.4 37.5 37.6 37.7 37.8 37.9 38 38.1 38.2 38.3 38.4 38.5 38.6 38.7 38.8 38.9 39 39.1 39.2 39.3 39.4 39.5 39.6 39.7 39.8 39.9 40 40.1 40.2 40.3 40.4 40.5 40.6 40.7 40.8 40.9 41 41.1 41.2 41.3 41.4 41.5 41.6 41.7 41.8 41.9 42 42.1 42.2 42.3 42.4 42.5 42.6 42.7 42.8 42.9 43 43.1 43.2 43.3 43.4 43.5 43.6 43.7 43.8 43.9 44 44.1 44.2 44.3 44.4 44.5 44.6 44.7 44.8 44.9 45 45.1 45.2 45.3 45.4 45.5 45.6 45.7 45.8 45.9 46 46.1 46.2 46.3 46.4 46.5 46.6 46.7 46.8 46.9 47 47.1 47.2 47.3 47.4 47.5 47.6 47.7 47.8 47.9 48 48.1 48.2 48.3 48.4 48.5 48.6 48.7 48.8 48.9 49 49.1 49.2 49.3 49.4 49.5 49.6 49.7 49.8 49.9 50];
M = [3057.62 3057.61999968321 3057.61998986282 3057.6199230208 3057.61967561031 3057.61901004121 3057.61753666575 3057.61467576406 3057.60961952976 3057.60129405556 3057.58832131884 3057.5689811672 3057.54117330409 3057.50237927435 3057.44962444982 3057.37944001492 3057.28782495221 3057.170208028 3057.02140977793 3056.83560449251 3056.60628220279 3056.32621066584 3055.98739735042 3055.58105142249 3055.09754573085 3054.5263787927 3053.85613677921 3053.07445550112 3052.16798239434 3051.12233850546 3049.92208047744 3048.55066253509 3046.99039847073 3045.22242362972 3043.22665689607 3040.98176267802 3038.46511289362 3035.6527489563 3032.51934376047 3029.0381636671 3025.18103048929 3020.91828347787 3016.21874130698 3011.04966405963 3005.37671521331 2999.16392362555 2992.37364551954 2984.96652646966 2976.90146338711 2968.13556650545 2958.62412136624 2948.32055080455 2937.1763769346 2925.14118313532 2912.16257603593 2898.18614750154 2883.15543661871 2867.01189168106 2849.6948321748 2831.14141076438 2811.28657527804 2790.06303069338 2767.40120112296 2743.22919179988 2717.47275106337 2690.05523234435 2660.89755615103 2629.91817205451 2597.0330206743 2562.15549566399 2525.19640569676 2486.06393645099 2444.66361259585 2400.89825977687 2354.66796660155 2305.87004662487 2254.39900033498 2200.14647713869 2143.00123734709 2082.84911416114 2019.57297565725 1953.05268677284 1883.16507129194 1809.78387383078 1732.77972182336 1652.02008750703 1567.3692499081 1537.11367378359 1535.44057507096 1533.68967323363 1531.85828575363 1529.94366915055 1527.9430182966 1525.8534657316 1523.67208097804 1521.39586985611 1519.02177379871 1516.54666916649 1513.96736656286 1511.28061014908 1508.48307695918 1505.57137621512 1502.5420486417 1499.39156578167 1496.11632931072 1492.71267035252 1489.17684879376 1485.50505259915 1481.69339712647 1477.7379244416 1473.63460263353 1469.37932512944 1464.96791000964 1460.39609932268 1455.65955840036 1450.75387517272 1445.67455948311 1440.41704240322 1434.97667554807 1429.34873039108 1423.52839757907 1417.51078624733 1411.29092333459 1404.8637528981 1398.22413542861 1391.36684716548 1384.28657941159 1376.97793784849 1369.43544185136 1361.65352380403 1353.62652841406 1345.34871202773 1336.81424194507 1328.01719573493 1318.95156054995 1309.61123244161 1299.9900156753 1290.08162204529 1279.87967018978 1269.37768490595 1258.56909646496 1247.44723992699 1236.00535445627 1224.23658263613 1212.13396978396 1199.69046326633 1186.89891181396 1173.75206483676 1160.24257173886 1146.36298123365 1132.1057406588 1117.46319529128 1102.42758766242 1086.99105687289 1071.14563790778 1054.88326095158 1038.19575070327 1021.07482569128 1003.51209758857 990.194288978325 988.606335833458 986.97818372834 985.309074221744 983.598239392108 981.844901778658 980.048274322521 978.207560307837 976.321953302881 974.390637101176 972.412785662609 970.387563054549 968.314123392958 966.191610783514 964.019159262719 961.795892739025 959.520924933937 957.193359323143 954.812289077617 952.376797004745 949.885955489436 947.338826435238 944.734461205455 942.071900564264 939.350174617828 936.568302755415 933.725293590512 930.820144901943 927.851843574981 924.819365542469 921.721675725931 918.557727976694 915.326465016996 912.02681838111 908.657708356455 905.218043924712 901.706722702943 898.122630884704 894.464643181163 890.731622762214 886.922421197596 883.035878398004 879.070822556211 875.026070088178 870.900425574175 866.692681699894 862.401619197566 858.026006787076 853.56460111708 849.016146706122 844.379375883745 839.653008731615 834.835753024629 829.926304172037 824.923345158552 819.825546485474 814.631566111796 809.34004939533 803.949629033816 798.458925006039 792.866544512948 787.17108191877 781.371118692125 775.465223347143 769.451951384581 763.329845232937 757.097434189568 750.753234361802 744.29574860806 737.723466478967 731.034864158469 724.938165661995 723.686857265408 722.413692573348 721.118386509054 719.800651527591 718.460197605212 717.096732228717 715.709960384818 714.299584549497 712.865304677368 711.406818191041 709.923819970478 708.416002342361 706.883055069447 705.324665339934 703.740517756819 702.130294327263 700.493674451947 698.830334914439 697.139949870551 695.422190837704 693.676726684286 691.903223619015 690.1013451803 688.270752225602 686.411102920796 684.522052729533 682.603254402598 680.654357967276 678.675010716708 676.66485719926 674.623539207874 672.550695769439 670.445963134146 668.308974764853 666.139361326444 663.936750675191 661.700767848116 659.431035052352 657.127171654502 654.788794170007 652.415516252497 650.006948683163 647.562699360111 645.082373287725 642.565572566031 640.011896380056 637.420940989188 634.792299716542 632.125562938314 629.420318073151 626.676149571506 623.892638905 621.069364555787 618.205902005912 615.301823726671 612.35669916798 609.370094747724 606.341573841131 603.270696770124 600.157020792687 597.000100092226 593.799485766927 590.554725819123 587.265365144649 583.930945522208 580.551005602731 577.125080898737 573.652703773697 571.854894345353 570.88429149414 569.900660635326 568.90387105457 567.893791166108 566.870288509856 565.833229748516 564.782480664681 563.717906157938 562.639370241975 561.546736041687 560.439865790278 559.318620826365 558.182861591089 557.032447625213 555.867237566231 554.687089145471 553.491859185202 552.281403595737 551.055577372536 549.814234593318 548.557228415156 547.284411071592 545.995633869734 544.690747187366 543.369600470047 542.032042228225 540.677920034333 539.307080519899 537.919369372649 